0.34133333333333837
0.4480000000000075
1.152000000000001
1.4933333333333394
1.6000000000000085
1.7066666666666777
2.4320000000000022
2.5600000000000023
2.7946666666666715
2.9866666666666788
3.0720000000000027
4.0320000000000107
4.3946666666666658
4.9706666666666734
5.8453333333333433
6.2506666666666746
7.0613333333333372
7.4453333333333376
7.5306666666666757
8.4266666666666765
9.36533333333334
10.197333333333333
11.26400000000001
12.245333333333335
13.077333333333343
13.525333333333336
13.653333333333336
14.634666666666675
14.954666666666668
15.957333333333338
16.277333333333345
17.088000000000008
17.962666666666678
18.26133333333334
19.52000000000001
20.138666666666666
20.992000000000004
21.248000000000005
22.037333333333336
22.378666666666675
22.528000000000006
22.570666666666668
22.634666666666675
22.677333333333337
22.805333333333337
23.040000000000006
23.125333333333344
23.232
23.381333333333345
23.466666666666669
23.594666666666669
23.893333333333345
24
24.085333333333338
24.192000000000007
24.277333333333345
24.362666666666669
24.405333333333331
24.490666666666669
24.512
24.682666666666677
24.789333333333332
24.87466666666667
24.981333333333339
25.045333333333332
25.152
25.216000000000008
25.578666666666678
26.112000000000009
26.51733333333334
26.922666666666672
27.285333333333341
27.64800000000001
27.946666666666673
28.352000000000004
29.610666666666674
30.677333333333337
31.168000000000006
31.872
32.405333333333331
33.258666666666684
33.450666666666663
33.941333333333333
34.090666666666678
34.368000000000009
34.581333333333347
34.965333333333334
35.178666666666672
35.519999999999996
35.754666666666665
35.88266666666668
35.989333333333335
36.096000000000018
36.330666666666659
36.672000000000011
36.8
37.269333333333336
37.674666666666681
38.058666666666667
38.272000000000006
38.655999999999992
39.082666666666668
39.232000000000014
39.423999999999992
39.658666666666662
40.021333333333345
40.447999999999993
40.959999999999994
41.280000000000015
41.450666666666663
41.856000000000009
42.218666666666664
42.474666666666664
42.688
42.858666666666679
43.2
43.541333333333327
43.775999999999996
44.117333333333349
44.245333333333335
44.714666666666673
45.162666666666681
45.546666666666667
45.930666666666681
46.101333333333329
46.442666666666682
46.570666666666668
46.848
46.997333333333344
47.38133333333333
47.808000000000007
47.935999999999993
48.234666666666683
48.426666666666662
48.853333333333339
49.237333333333325
49.557333333333347
50.048000000000016
50.410666666666671
50.581333333333347
50.858666666666679
50.986666666666665
51.456
51.605333333333348
52.13866666666668
52.544
52.714666666666673
52.928000000000011
53.098666666666659
53.546666666666667
53.952000000000012
54.12266666666666
54.37866666666666
54.784000000000006
54.976000000000013
55.232000000000014
55.423999999999992
55.744000000000014
55.872
56.277333333333345
56.405333333333331
56.682666666666663
56.832000000000008
57.088000000000008
57.344000000000008
57.578666666666678
57.727999999999994
58.069333333333347
58.197333333333333
58.538666666666686
58.666666666666671
59.093333333333348
59.584000000000017
59.925333333333342
60.309333333333328
60.736000000000004
61.056
61.440000000000012
61.781333333333336
61.930666666666681
62.37866666666666
62.741333333333344
63.189333333333352
63.317333333333337
63.722666666666683
64.213333333333352
64.61866666666667
64.746666666666684
65.002666666666684
65.280000000000015
65.450666666666663
65.728
66.005333333333326
66.453333333333333
66.581333333333347
66.922666666666672
67.39200000000001
67.818666666666658
67.968
68.309333333333328
68.437333333333342
68.864000000000019
69.184000000000012
69.312
69.589333333333329
69.824
70.250666666666675
70.677333333333351
71.104
71.637333333333331
72.021333333333345
72.554666666666677
73.088000000000008
73.514666666666685
73.962666666666664
74.346666666666678
74.496
74.773333333333326
74.944
75.242666666666665
75.413333333333341
75.88266666666668
76.202666666666673
76.88533333333335
77.269333333333336
77.738666666666674
78.058666666666667
78.911999999999992
79.616
80.512000000000015
80.768000000000015
81.408
81.898666666666671
82.709333333333333
83.52
84.202666666666673
84.714666666666673
85.632000000000019
86.08
86.528
86.634666666666661
86.805333333333337
86.86933333333333
86.911999999999992
86.997333333333344
87.104
87.189333333333352
87.296
87.445333333333352
87.488000000000014
87.552
87.679999999999993
87.786666666666676
87.893333333333331
88.000000000000014
88.064000000000007
88.106666666666669
88.213333333333352
88.320000000000007
88.384
88.490666666666684
88.533333333333346
88.597333333333339
88.704
88.896
88.917333333333332
89.024000000000015
89.13066666666667
89.237333333333325
89.344000000000008
89.38666666666667
89.493333333333325
89.600000000000009
89.706666666666663
89.813333333333347
89.941333333333333
90.048000000000016
90.282666666666685
90.304000000000016
90.410666666666671
90.517333333333326
90.752
91.114666666666679
91.221333333333334
91.306666666666658
91.349333333333348
91.669333333333341
92.160000000000011
93.056
93.568
93.994666666666674
94.485333333333344
94.762666666666675
94.997333333333344
95.36
95.786666666666676
96.341333333333338
96.810666666666677
97.280000000000015
97.64266666666667
98.197333333333333
98.624000000000009
98.986666666666665
99.114666666666679
99.52
99.840000000000018
100.33066666666666
101.58933333333333
102.50666666666667
102.848
103.31733333333334
103.78666666666668
104.25600000000001
104.704
104.93866666666666
105.17333333333333
105.408
105.57866666666668
106.11200000000001
106.51733333333333
106.96533333333333
107.968
108.43733333333334
108.90666666666668
109.67466666666668
110.336
110.89066666666666
111.23200000000001
111.552
112.59733333333334
113.08800000000001
113.55733333333335
114.04800000000002
114.32533333333335
114.432
114.47466666666666
114.58133333333335
114.62400000000001
114.688
114.79466666666669
114.90133333333334
115.008
115.11466666666668
115.32800000000002
115.41333333333334
115.47733333333333
115.54133333333333
115.58400000000002
115.64800000000001
115.75466666666667
115.84000000000002
115.968
116.05333333333333
116.09600000000002
116.20266666666667
116.26666666666667
116.33066666666666
116.37333333333335
116.60800000000002
116.94933333333334
117.12000000000002
117.14133333333335
117.18400000000001
117.69600000000001
117.73866666666667
117.84533333333333
117.93066666666668
118.05866666666667
118.16533333333335
118.272
118.37866666666666
118.44266666666668
118.48533333333334
118.54933333333334
118.65599999999999
118.76266666666668
118.86933333333333
118.97600000000001
119.44533333333335
119.552
119.65866666666666
119.76533333333334
119.872
119.97866666666668
120.06400000000001
120.14933333333333
120.25600000000001
120.36266666666667
120.46933333333332
120.57600000000001
120.68266666666666
120.78933333333335
120.896
120.96
121.06666666666668
121.10933333333334
121.23733333333332
121.30133333333335
121.34400000000001
121.472
121.60000000000001
121.70666666666666
121.77066666666668
121.92
122.02666666666669
122.15466666666667
122.26133333333333
122.34666666666668
122.432
122.81600000000002
123.34933333333335
123.56266666666666
123.66933333333334
124.11733333333335
124.26666666666667
124.37333333333335
124.48
124.58666666666666
124.71466666666667
124.75733333333334
124.82133333333333
124.84266666666666
124.92800000000001
125.01333333333334
125.09866666666666
125.22666666666667
125.33333333333333
125.39733333333335
125.44000000000001
126.05866666666667
126.54933333333334
126.784
127.04
127.14666666666666
127.25333333333334
127.36
127.57333333333334
127.74400000000001
127.85066666666667
127.95733333333335
128.17066666666665
128.512
128.59733333333332
128.704
128.87466666666666
129.13066666666668
129.30133333333333
129.47199999999998
129.68533333333335
129.856
130.30400000000003
130.45333333333332
130.58133333333336
130.66666666666669
130.79466666666667
131.00799999999998
131.24266666666665
131.49866666666668
131.712
131.94666666666666
132.13866666666667
132.35200000000003
132.43733333333336
132.56533333333334
132.62933333333336
132.84266666666667
133.05599999999998
133.33333333333331
133.48266666666666
133.78133333333335
133.99466666666666
134.29333333333335
134.48533333333336
134.72000000000003
134.89066666666668
134.9546666666667
135.12533333333334
135.21066666666667
135.40266666666668
135.4666666666667
135.65866666666665
135.89333333333332
136.23466666666667
136.4906666666667
137.28000000000003
137.62133333333333
138.32533333333333
139.072
139.34933333333333
139.64800000000002
139.94666666666666
140.288
140.86400000000003
141.46133333333336
141.84533333333331
142.01600000000002
142.22933333333333
142.54933333333332
142.76266666666669
143.04000000000002
143.33866666666665
143.74400000000003
144.02133333333336
144.21333333333337
144.46933333333334
144.64
145.06666666666666
145.47199999999998
145.664
145.728
146.06933333333336
146.176
146.21866666666665
146.38933333333335
146.45333333333332
146.51733333333334
146.58133333333336
146.70933333333335
147.00799999999998
147.32800000000003
147.34933333333333
147.43466666666666
147.49866666666668
147.56266666666664
147.73333333333335
147.96800000000002
148.03199999999998
148.20266666666669
148.43733333333336
148.50133333333332
148.67200000000003
148.84266666666667
149.22666666666669
149.46133333333336
149.824
150.25066666666669
150.464
150.69866666666667
151.04000000000002
151.38133333333332
151.9786666666667
152.59733333333332
153.40800000000002
154.15466666666669
154.90133333333335
155.73333333333335
156.01066666666668
156.30933333333331
156.75733333333335
157.18400000000003
157.73866666666669
158.20800000000003
158.86933333333332
159.59466666666668
159.82933333333335
160.04266666666666
160.4906666666667
160.89600000000002
161.32266666666669
161.81333333333333
162.21866666666671
162.70933333333335
163.11466666666666
163.24266666666671
163.54133333333334
163.66933333333333
164.0746666666667
164.24533333333335
164.65066666666667
165.01333333333338
165.58933333333334
166.10133333333334
166.40000000000003
167.04000000000002
167.488
168.32
168.704
169.23733333333337
169.47200000000004
170.15466666666669
170.88
171.20000000000005
172.01066666666668
172.50133333333338
173.46133333333336
173.71733333333333
174.6346666666667
174.91200000000003
175.61600000000004
175.872
176.34133333333335
176.64000000000004
176.87466666666671
177.08800000000002
177.25866666666667
177.36533333333335
177.47200000000004
177.57866666666666
178.17600000000004
178.49600000000004
178.92266666666671
179.13600000000002
179.47733333333338
179.81866666666667
180.0746666666667
180.52266666666668
180.86400000000003
181.312
181.69600000000003
182.08000000000004
182.272
182.37866666666667
182.76266666666669
182.86933333333337
183.08266666666668
183.27466666666669
183.50933333333336
183.68
183.9786666666667
184.23466666666667
184.46933333333334
184.66133333333335
184.89600000000002
185.23733333333337
185.55733333333336
186.00533333333334
186.38933333333335
186.56
186.98666666666668
187.32800000000003
187.45600000000002
187.92533333333336
188.48000000000002
188.8
189.35466666666667
189.80266666666671
190.18666666666667
190.50666666666666
190.67733333333337
191.38133333333337
192.08533333333338
192.59733333333332
193.08800000000002
193.5146666666667
193.94133333333338
194.47466666666668
194.70933333333335
194.92266666666671
195.264
195.41333333333336
195.71200000000005
196.45866666666666
197.26933333333335
197.632
198.1226666666667
198.59200000000004
198.976
199.40266666666668
199.55200000000002
199.91466666666668
200.06400000000002
200.192
200.512
200.87466666666671
201.0026666666667
201.42933333333337
201.856
202.38933333333335
202.77333333333337
203.24266666666671
203.45600000000002
203.73333333333335
203.98933333333338
204.20266666666669
204.35200000000003
204.77866666666671
205.16266666666667
205.56800000000004
206.08000000000004
206.48533333333336
206.89066666666668
207.04000000000002
207.36
207.488
207.74400000000003
207.95733333333334
208.40533333333337
208.85333333333335
209.23733333333337
209.55733333333336
209.77066666666667
210.048
210.26133333333337
210.58133333333336
210.85866666666669
211.00800000000004
211.11466666666666
211.20000000000005
211.47733333333338
211.73333333333335
211.96800000000002
212.11733333333336
212.43733333333336
212.75733333333335
212.97066666666666
213.14133333333336
213.35466666666667
213.46133333333336
213.73866666666669
214.05866666666668
214.336
214.80533333333335
214.93333333333334
215.40266666666668
215.63733333333334
216.61866666666668
216.93866666666668
217.64266666666668
217.92000000000002
218.64533333333333
219.13600000000002
219.392
219.62666666666667
220.13866666666667
220.52266666666668
220.97066666666666
221.20533333333333
221.46133333333336
221.90933333333334
222.37866666666667
222.61333333333334
222.80533333333335
223.31733333333335
223.68
223.85066666666671
224.10666666666668
224.23466666666667
224.38400000000001
224.72533333333337
225.15200000000004
225.45066666666668
225.60000000000002
225.728
226.11200000000002
226.5386666666667
226.92266666666671
227.41333333333336
227.904
228.33066666666667
228.71466666666669
228.88533333333334
229.33333333333337
229.58933333333334
229.824
230.05866666666668
230.272
230.50666666666666
230.74133333333333
231.10400000000004
231.31733333333335
231.57333333333338
231.76533333333333
232.02133333333336
232.40533333333337
232.55466666666666
232.68266666666671
232.87466666666671
233.344
233.74933333333337
234.0266666666667
234.43200000000002
234.62400000000002
234.96533333333338
235.264
235.45600000000002
235.84000000000003
235.98933333333338
236.33066666666667
236.75733333333335
237.16266666666667
237.71733333333333
238.03733333333338
238.18666666666667